         Month   Interest  Principal
         1    2083.33  498399.22
         2    2076.66  496791.78
         3    2069.97  495177.63
         4    2063.24  493556.76
         5    2056.49  491929.14
         6    2049.70  490294.73
         7    2042.89  488653.52
         8    2036.06  487005.46
         9    2029.19  485350.54
        10    2022.29  483688.73
        11    2015.37  482019.99
        12    2008.42  480344.29
        13    2001.43  478661.62
        14    1994.42  476971.93
        15    1987.38  475275.21
        16    1980.31  473571.41
        17    1973.21  471860.51
        18    1966.09  470142.49
        19    1958.93  468417.31
        20    1951.74  466684.93
        21    1944.52  464945.35
        22    1937.27  463198.51
        23    1929.99  461444.39
        24    1922.68  459682.97
        25    1915.35  457914.20
        26    1907.98  456138.07
        27    1900.58  454354.53
        28    1893.14  452563.57
        29    1885.68  450765.14
        30    1878.19  448959.22
        31    1870.66  447145.77
        32    1863.11  445324.77
        33    1855.52  443496.18
        34    1847.90  441659.97
        35    1840.25  439816.11
        36    1832.57  437964.56
        37    1824.85  436105.31
        38    1817.11  434238.30
        39    1809.33  432363.52
        40    1801.51  430480.92
        41    1793.67  428590.48
        42    1785.79  426692.17
        43    1777.88  424785.94
        44    1769.94  422871.77
        45    1761.97  420949.63
        46    1753.96  419019.48
        47    1745.91  417081.28
        48    1737.84  415135.01
        49    1729.73  413180.63
        50    1721.59  411218.10
        51    1713.41  409247.40
        52    1705.20  407268.49
        53    1696.95  405281.33
        54    1688.67  403285.89
        55    1680.36  401282.14
        56    1672.01  399270.04
        57    1663.63  397249.56
        58    1655.21  395220.65
        59    1646.75  393183.30
        60    1638.26  391137.45
        61    1629.74  390083.08
        62    1625.35  389024.31
        63    1620.93  387961.14
        64    1616.50  386893.53
        65    1612.06  385821.48
        66    1607.59  384744.96
        67    1603.10  383663.95
        68    1598.60  382578.44
        69    1594.08  381488.41
        70    1589.54  380393.84
        71    1584.97  379294.70
        72    1580.39  378190.98
        73    1575.80  377082.67
        74    1571.18  375969.74
        75    1566.54  374852.17
        76    1561.88  373729.94
        77    1557.21  372603.04
        78    1552.51  371471.44
        79    1547.80  370335.13
        80    1543.06  369194.08
        81    1538.31  368048.28
        82    1533.53  366897.71
        83    1528.74  365742.34
        84    1523.93  364582.15
        85    1519.09  363417.14
        86    1514.24  362247.26
        87    1509.36  361072.52
        88    1504.47  359892.88
        89    1499.55  358708.32
        90    1494.62  357518.83
        91    1489.66  356324.38
        92    1484.68  355124.96
        93    1479.69  353920.53
        94    1474.67  352711.09
        95    1469.63  351496.61
        96    1464.57  350277.07
        97    1459.49  349052.45
        98    1454.39  347822.72
        99    1449.26  346587.88
       100    1444.12  345347.88
       101    1438.95  344102.72
       102    1433.76  342852.37
       103    1428.55  341596.81
       104    1423.32  340336.02
       105    1418.07  339069.98
       106    1412.79  337798.66
       107    1407.49  336522.05
       108    1402.18  335240.11
       109    1396.83  333952.84
       110    1391.47  332660.20
       111    1386.08  331362.17
       112    1380.68  330058.74
       113    1375.24  328749.87
       114    1369.79  327435.55
       115    1364.31  326115.76
       116    1358.82  324790.46
       117    1353.29  323459.65
       118    1347.75  322123.28
       119    1342.18  320781.35
       120    1336.59  319433.83
       121    1330.97  318080.70
       122    1325.34  316721.92
       123    1319.67  315357.49
       124    1313.99  313987.37
       125    1308.28  312611.54
       126    1302.55  311229.98
       127    1296.79  309842.66
       128    1291.01  308449.56
       129    1285.21  307050.66
       130    1279.38  305645.92
       131    1273.52  304235.34
       132    1267.65  302818.88
       133    1261.75  301396.51
       134    1255.82  299968.22
       135    1249.87  298533.98
       136    1243.89  297093.76
       137    1237.89  295647.54
       138    1231.86  294195.29
       139    1225.81  292737.00
       140    1219.74  291272.63
       141    1213.64  289802.15
       142    1207.51  288325.55
       143    1201.36  286842.80
       144    1195.18  285353.87
       145    1188.97  283858.73
       146    1182.74  282357.36
       147    1176.49  280849.74
       148    1170.21  279335.84
       149    1163.90  277815.63
       150    1157.57  276289.08
       151    1151.20  274756.18
       152    1144.82  273216.89
       153    1138.40  271671.18
       154    1131.96  270119.03
       155    1125.50  268560.42
       156    1119.00  266995.31
       157    1112.48  265423.68
       158    1105.93  263845.50
       159    1099.36  262260.75
       160    1092.75  260669.39
       161    1086.12  259071.41
       162    1079.46  257466.76
       163    1072.78  255855.43
       164    1066.06  254237.38
       165    1059.32  252612.59
       166    1052.55  250981.04
       167    1045.75  249342.68
       168    1038.93  247697.50
       169    1032.07  246045.46
       170    1025.19  244386.54
       171    1018.28  242720.71
       172    1011.34  241047.94
       173    1004.37  239368.19
       174     997.37  237681.45
       175     990.34  235987.68
       176     983.28  234286.85
       177     976.20  232578.94
       178     969.08  230863.90
       179     961.93  229141.73
       180     954.76  227412.37
       181     947.55  225675.82
       182     940.32  223932.02
       183     933.05  222180.96
       184     925.75  220422.61
       185     918.43  218656.92
       186     911.07  216883.88
       187     903.68  215103.46
       188     896.26  213315.61
       189     888.82  211520.32
       190     881.33  209717.54
       191     873.82  207907.25
       192     866.28  206089.42
       193     858.71  204264.02
       194     851.10  202431.01
       195     843.46  200590.36
       196     835.79  198742.05
       197     828.09  196886.03
       198     820.36  195022.28
       199     812.59  193150.76
       200     804.79  191271.44
       201     796.96  189384.30
       202     789.10  187489.29
       203     781.21  185586.39
       204     773.28  183675.55
       205     765.31  181756.76
       206     757.32  179829.97
       207     749.29  177895.15
       208     741.23  175952.27
       209     733.13  174001.29
       210     725.01  172042.19
       211     716.84  170074.92
       212     708.65  168099.46
       213     700.41  166115.76
       214     692.15  164123.80
       215     683.85  162123.54
       216     675.51  160114.94
       217     667.15  158097.98
       218     658.74  156072.61
       219     650.30  154038.80
       220     641.83  151996.52
       221     633.32  149945.73
       222     624.77  147886.39
       223     616.19  145818.48
       224     607.58  143741.94
       225     598.92  141656.76
       226     590.24  139562.89
       227     581.51  137460.29
       228     572.75  135348.93
       229     563.95  133228.77
       230     555.12  131099.78
       231     546.25  128961.92
       232     537.34  126815.15
       233     528.40  124659.44
       234     519.41  122494.74
       235     510.39  120321.03
       236     501.34  118138.26
       237     492.24  115946.39
       238     483.11  113745.39
       239     473.94  111535.22
       240     464.73  109315.84
       241     455.48  107087.21
       242     446.20  104849.30
       243     436.87  102602.06
       244     427.51  100345.46
       245     418.11   98079.45
       246     408.66   95804.01
       247     399.18   93519.08
       248     389.66   91224.63
       249     380.10   88920.63
       250     370.50   86607.02
       251     360.86   84283.77
       252     351.18   81950.84
       253     341.46   79608.20
       254     331.70   77255.79
       255     321.90   74893.58
       256     312.06   72521.52
       257     302.17   70139.59
       258     292.25   67747.72
       259     282.28   65345.90
       260     272.27   62934.06
       261     262.23   60512.18
       262     252.13   58080.20
       263     242.00   55638.09
       264     231.83   53185.81
       265     221.61   50723.30
       266     211.35   48250.54
       267     201.04   45767.48
       268     190.70   43274.06
       269     180.31   40770.26
       270     169.88   38256.03
       271     159.40   35731.32
       272     148.88   33196.09
       273     138.32   30650.30
       274     127.71   28093.90
       275     117.06   25526.84
       276     106.36   22949.09
       277      95.62   20360.61
       278      84.84   17761.33
       279      74.01   15151.23
       280      63.13   12530.25
       281      52.21    9898.35
       282      41.24    7255.48
       283      30.23    4601.60
       284      19.17    1936.66
       285       8.07    -739.38
